#Fields file for ISOLTRAP, 2012-09-12
#
# Constants to create the b-field. Have to be single characters
# and tab separated.
[CONSTANTS]
a	6.54383314833146
b	0.0114934829327628
c	-8.44433065012339e-05
d	16.9405462039698
e	-0.0696147263723417
f	7.39347740536369e-05
g	3.80482240592299
h	-0.0108790280932363
i	7.90983561351425e-06
#from	to	e-pot	b_0	b_1*x	b_2*x^2
[FIELDS]
#0	10	1	7	0	0	#ring
0	17.5	-3.01620	5.92412	0	0
17.5	27.5	-9.37189	5.92412	0	0
27.5	45	-9.37189	5.92412	0	0
45	65	-11.4440	5.8	0	0	#some m-terms
65	82.5	-10.3806	5.8	0	0
82.5	97.5	-4.14427	5.8	0	0
97.5	130	-4.14427	5.8	0	0
130	155	-2.67801	5.5	0	0	#Zm5 = 0.12625 Um5 = -2.60397
155	160	-3.07939	5.5	0	0
160	185	-3.07939	5	0	0
185	200	-3.07939	4.5	0	0
200	220	-3.07939	3.5	0	0
220	235	-3.07939	3	0	0
235	245	-3.07939	2.5	0	0
245	260	-3.07939	2	0	0
260	278	-3.07939	1.5	0	0
278	305	-3.07939	1	0	0
305	350	-3.07939	0.5	0	0
350	380	-3.07939	0.25	0	0
380	390	-5.31994	0.25	0	0
390	405	-26.9493	0.25	0	0	#Zm8 = 0.3975 Um8 = -12.5759
405	415	-41.2980	0.25	0	0	#Zm9 = 0.41375 Um9 = -38.3495
415	422.5	-41.2980	0.1	0	0
422.5	472.5	-42.6043	0.1	0	0
472.5	480	-44.5442	0.1	0	0
480	485	-48.5715	0.1	0	0
485	495	-80.2400	0.1	0	0	#Zm13 = 0.49 Um13 = -58.5143
495	497.5	-96.8322	0.1	0	0
497.5	502.5	-136.693	0.1	0	0
502.5	515	-202.288	0.1	0	0	#Zm16 = 0.50875 Um16 = -178.901
515	525	-217.045	0.1	0	0
525	527.5	-217.045	0.05	0	0	#Zm17 = 0.52125 Um17 = -212.727
527.5	565	-219.987	0.05	0	0	#Zm18 = 0.54625 Um18 = -219.871
565	630	-220.652	0.05	0	0
630	660	-220.652	0.015	0	0
660	670	-222.794	0.015	0	0
670	675	-225.776	0.015	0	0
675	685	-244.362	0.015	0	0	#Zm22 = 0.68 Um22 = -231.892
685	687.5	-254.648	0.015	0	0
687.5	690	-268.950	0.015	0	0
690	702.5	-434.870	0.015	0	0	#Zm25 = 0.69625 Um25 = -330.291
702.5	707.5	-536.919	0.015	0	0
707.5	717.5	-706.189	0.015	0	0	#Zm27 = 0.7125 Um27 = -631.75
717.5	727.5	-793.374	0.015	0	0	#Zm28 = 0.7225 Um28 = -758.594
727.5	740	-834.727	0.015	0	0	#Zm29 = 0.73375 Um29 = -819.887
740	760	-850.320	0.015	0	0	#Zm30 = 0.75 Um30 = -846.022
760	825	-852.872	0.015	0	0	#Zm31 = 0.7925 Um31 = -852.948
825	852.5	-851.280	0.015	0	0
852.5	862.5	-848.513	0.015	0	0
862.5	870	-843.815	0.015	0	0
870	885	-815.664	0.015	0	0	#Zm35 = 0.8775 Um35 = -834.34
885	905	-676.318	0.015	0	0	#Zm36 = 0.895 Um36 = -764.71
905	912.5	-598.337	0.015	0	0
912.5	935	-449.611	0.005	0	0	#Zm38 = 0.92375 Um38 = -503.571
935	952.5	-416.600	0.005	0	0	#Zm39 = 0.94375 Um39 = -428.095
952.5	985	-405.103	0.005	0	0	#Zm40 = 0.96875 Um40 = -407.697
985	1120	-403.100	0.005	0	0	#Zm41 = 1.0525 Um41 = -403.993
1120	1137.5	-400.669	0.005	0	0
1137.5	1165	-379.757	0.005	0	0	#Zm43 = 1.15125 Um43 = -394.827
1165	1185	-329.434	0.005	0	0	#Zm44 = 1.175 Um44 = -358.546
1185	1192.5	-307.876	0.005	0	0
1192.5	1215	-286.250	0.005	0	0	#Zm46 = 1.20375 Um46 = -288.289
1215	1245	-300.632	0.005	0	0
1245	1257.5	-307.261	0.005	0	0
1257.5	1265	-313.987	0.005	0	0
1265	1270	-320.803	0.005	0	0
1270	1275	-330.555	0.005	0	0

 